7 5000 6000 4000 5000 6000 7000
7 5000 6000 4000 5000 6000 7000
7 5000 6000 4000 5000 6000 7000
7 5000 6000 4000 5000 6000 7000
7 5000 6000 4000 5000 6000 7000
7 5000 6000 4000 5000 6000 7000
7 5000 6000 4000 5000 6000 7000
7 5000 6000 4000 5000 6000 7000
7 5000 6000 4000 5000 6000 7000
7 5000 6000 4000 5000 6000 7000
7 5000 6000 4000 5000 6000 7000
7 5000 6000 4000 5000 6000 7000
7 5000 6000 4000 5000 6000 7000
7 5000 6000 4000 5000 6000 7000
7 5000 6000 4000 5000 6000 7000
7 5000 6000 4000 5000 6000 7000
7 5000 6000 4000 5000 6000 7000
7 5000 6000 4000 5000 6000 7000
7 5000 6000 4000 5000 6000 7000
7 5000 6000 4000 5000 6000 7000
7 5000 6000 4000 5000 6000 7000
7 5000 6000 4000 5000 6000 7000